LPS, LS, LP, PS, LPSLow, LSLow
0.71765
1.0227
0.93105
0.96157
0.89915
0.91233
0.90154
1.0149
1.0317
0.91993
0.90327
1.094
1.0243
0.89864
0.92074
0.981
0.75277
0.91222
1.0134
0.89214
0.86511
0.92113
0.90091
0.99694
0.91821
0.86223
0.87321
1.113
0.89928
0.84432
0.90102
0.96212
0.89335
0.91081
0.93217
0.97439
0.98576
0.94457
0.88731
0.85167
0.88001
0.94378
0.82308
0.89382
0.90504
0.88643
0.82977
0.87294
0.9532
0.91236
0.95803
0.92122
0.93104
0.90438
0.8736
0.84189
0.96833
0.92402
0.88276
0.72029
0.97716
1.0733
0.87079
1.004
0.74916
0.81956
0.91588
0.92015
0.92101
1.028
1.0496
0.90469
0.78245
0.86219
0.90207
0.84795
0.85934
0.98234
0.91259
0.97335
0.99158
0.9671
0.81252
0.81413
1.0098
0.93621
0.89469
0.91559
0.8893
0.8794
0.9155
0.67272
0.81687
0.79454
0.92182
0.90321
0.89044
0.89874
1.1041
0.80149
0.78129
0.95309
0.85525
1.0712
0.74876
0.93356
0.74865
0.9721
0.84802
0.8364
0.98432
0.83528
0.8924
0.93745
0.92593
0.87254
1.0141
1.0126
0.90512
0.8015
0.89341
0.90248
0.92819
0.96934
0.9309
0.88154
0.80041
0.93244
0.99943
0.89045
1.1133
0.88415
0.94824
1.0634
0.9795
0.9981
0.85855
0.898
0.87584
0.80843
0.87383
0.83432
1.0225
0.88181
0.9316
0.90948
0.93376
0.76947
0.96361
0.98495
0.98654
0.75908
0.79808
1.0167
0.88434
0.81483
0.81989
1.0259
0.80423
0.83314
0.93538
0.81212
0.76608
0.8167
0.84471
1.0106
0.84696
0.82528
0.8027
1.0413
0.83532
0.91337
0.9364
0.80044
0.83372
1.003
0.98853
0.94696
0.96039
0.94952
0.97119
1.0029
0.85071
0.83196
0.94805
0.95244
0.86538
0.81293
0.9802
0.77079
0.80191
0.91001
0.99375
0.99115
0.7863
0.7521
0.85316
0.76222
0.81151
0.97036
1.0058
0.93616
0.73304
0.80508
0.94554
0.96906
0.88833
0.91714
0.82699
0.85148
0.93442
0.81924
0.96659
0.96864
0.93343
0.76307
0.97948
0.94374
0.92629
0.83893
0.72674
0.92363
0.78213
0.91644
0.9812
0.89372
0.85869
0.9524
0.88895
0.76873
0.91644
0.91898
0.85005
0.94791
0.70601
0.78596
0.72777
0.96012
0.93817
1.1531
0.81888
1.0229
0.75053
0.95006
0.86722
0.8482
1.0063
0.83632
0.94848
0.86354
0.8458
0.91571
0.91504
0.84646
0.94323
0.93473
0.93125
0.98845
0.9763
1.0221
0.91518
0.88059
0.92274
0.89958
0.88631
0.82806
0.97203
0.94158
0.83836
0.88488
0.82885
0.87953
0.93459
0.96682
0.95481
0.95667
0.86947
0.9648
0.79893
0.88349
0.83782
0.90394
0.98068
0.88854
0.86912
0.96108
0.88204
0.9966
0.90542
1.0262
0.97521
0.88798
0.92645
0.88953
0.96186
0.8296
1.0319
0.85104
1.0516
0.83896
0.82379
1.0016
0.8059
1.0564
0.79493
0.8827
1.0141
0.82377
0.93494
0.87731
0.90346
0.95555
0.95404
0.82344
0.99487
0.89559
0.93992
0.90823
1.0242
0.9661
0.96705
0.89975
1.0297
1.1805
0.78469
0.99921
0.90785
0.94327
1.0152
0.90278
0.82845
0.77558
0.87147
1.0692
0.79316
0.89013
0.72943
0.81114
0.95595
0.92134
0.82849
0.87735
0.91849
0.87633
0.85391
0.82628
0.92124
0.79837
0.84056
0.83236
0.87243
0.93007
0.96247
0.92078
0.95761
1.0479
0.92654
0.95565
0.69475
1.072
0.73535
0.75725
0.91356
0.88406
0.93313
1.0168
0.85884
0.88284
0.89806
0.8877
0.85575
0.8525
0.96388
0.79978
0.94036
0.95127
0.84373
0.98896
0.8408
1.0029
0.93077
1.0706
0.93044
1.0306
0.85697
0.69439
0.92903
0.85728
0.88446
0.81046
0.72527
0.91053
0.72419
0.81837
0.81408
0.77997
0.85811
0.68032
0.96333
0.86921
0.97749
0.86695
0.84603
0.77557
0.92377
0.85609
0.82525
0.95808
0.79743
0.88706
0.86212
0.95559
0.87461
1.1249
0.89834
0.95327
0.94402
0.99687
0.87811
0.81025
0.73385
0.92603
0.96335
0.84185
0.8787
0.88327
0.84203
0.82674
0.94112
0.93145
0.85766
0.84309
0.68901
0.66991
0.8331
0.96767
0.78636
0.915
0.86065
0.94209
0.84373
0.66294
0.97498
0.74915
0.9198
0.91839
0.87811
0.88764
0.90235
1.0154
0.99234
1.1152
0.88203
0.85264
0.97931
0.68911
0.97204
0.83551
0.77895
0.83477
0.88979
0.86232
0.87559
0.87703
0.84053
0.98243
0.7602
0.96361
1.0059
0.8549
0.92475
0.92142
0.83555
0.86765
0.87186
0.87239
0.91996
0.91257
0.99539
0.90848
0.85937
0.82862
1.0046
0.94436
0.85538
0.89867
0.91478
0.75479
0.74954
0.90798
0.95119
0.96559
0.8486
0.92047
0.84732
0.91766
0.79791
0.84105
0.94226
0.83802
