LPS, LS, LP, PS, LPSLow, LSLow
0
0.40266
0
0.31982
0.31591
0
0
0.47988
0
0.34178
0.36424
0.2654
0
0
0.089623
0.78366
0.2417
0
0.45897
0.26581
0.20602
0.62709
0
0.14992
0.26785
0.69733
0
0
0.44803
0.71667
0
0.31957
0
0.5187
0.25552
0.48694
0
0.5229
0
0.47858
0.4476
0.28766
0
0.11486
0.32122
0
0.45409
0
0
0.68077
0
0.5422
0.33194
0.27126
0.13045
0.2437
0
0.59378
0.38717
0
0.59342
0.17923
0.40287
0.47074
0.68804
0
0.56999
0
0.35314
0.51317
0.48584
0
0
0.57183
0
0
0.8181
0.12635
0
0.57455
0
0
0
0
0
0.46383
0.54984
0.50387
0.69418
0.30633
0.37289
0.9737
0.73047
0.45867
0
0
0
0.26572
0.45677
0.54853
0.75111
0
0
0.4614
0.35776
0.21917
0
0.28206
0
0
0.41666
0
0.62498
0
0
0
0
0
0.25885
0.54722
0.084767
0.4232
0.50424
0.49205
0.34524
0.40907
0
0.3008
0
0.52814
0.45272
0.46115
0
0.20517
0
0.57648
0.67078
0.45759
0.23838
0.65053
0.25696
0
0.21859
0.54564
0.51819
0.1741
0
0.83958
0
0.40353
0.43215
0
0
0.55876
0
0
0
0
0.38098
0.65473
0.53112
0
0.73057
0.51405
0.48431
0
0.32361
0.44712
0.59062
0.50876
0
0.66089
0.51199
0
0.28464
0
0
0.017549
0.52108
0.54041
0
0.2067
0
0.54596
0
0
0.79505
0.57554
0.34414
0.94279
0.71528
0.38617
0.31751
0.34722
0.61733
0.65574
0
0.35187
0
0
0.30486
0.13447
0
0.6863
0.45154
0
0
0
0.59802
0.73986
0.59726
0.44324
0
0.29483
0
0.57661
0
0
0
0.42269
0.8214
0.61309
0.84123
0
0
0.17852
0.60262
0
0.17845
0.82399
0.22901
0.64366
0.82072
0
0.97901
0.98327
0
0
0.56012
0
0
0
0
0.2496
0.65135
0.71481
0
0
0.46459
0
0.60978
0
0.26118
0
0
0.56523
0
0
0
0.35897
0
0
0
0.44087
0.64339
0.64662
0.38316
0.50194
0.52375
0.67457
0
0
0.76719
0.24822
0
0
0.50063
0
0.63533
0
0
0.38647
0.40279
0.43002
0
0.49239
0.56597
0
0.65455
0.58384
0.56885
0.61648
0
0.74031
0.37971
0
0.2337
0
0
0.43035
0.44931
0.68722
0.65122
0.57882
0
0.54028
0.49535
0
0
0
0.2855
0
0
0.56164
0.064387
0.32188
0
0.33016
0.59551
0.32039
0
0
0
0
0
0
0.64928
0.47317
0.59901
0
0.55263
0
0
0
0.79768
0.44377
0
0.32213
0
0.57591
0.51653
0.60497
0
0.13585
0
0
0
0
0.60988
0
0
0.24032
0.57476
0.53177
0.32579
0.29663
0.26992
0.43042
0.65322
0
0.99158
0
0.52504
0
0.32568
0
0.42952
0.66111
0.5145
0.47851
0
0.63792
0
0.534
0
0.22105
0
0.55228
0.51204
0.31187
0
0
0
0.48097
0.59296
0.98078
0.23494
0.71503
0.46648
0.31374
0.60005
0
0.75304
0.57162
0.37286
0.20085
0
0.75695
0
0.14937
0.36655
0.5304
0
0
0
0
0.48617
0
0
0.035324
0.76875
0
0
0
0.29127
0
0
0.61193
0.49147
0.46492
0
0.69426
0
0.20652
0
0
0.45938
0
0
0
0.60074
0.47834
0
0
0.52887
0
0.89717
0.074486
0
0.5203
0.57827
0.97472
0.40774
0.73045
0
0.6571
0
0.38037
0.28831
0
0.44512
0.41136
0
0.67921
0.0085029
0
0.36139
0.16725
0.65487
0
0
0
0
0.46876
0.24833
0
0.79631
0
0.36816
0
0.64423
0
0
0
0.32072
0
0
0.47657
0.16341
0.595
0.28119
0
0.43151
0
0
0.4641
0.34001
0.20102
0.72034
0.4574
0.57825
0.49942
0.67456
0.22731
0.64284
0.67402
0.5484
0
0
0.8115
