LPS, LS, LP, PS, LPSLow, LSLow
0.65175
0.7032
0.80899
0.83254
0.83399
0.83865
0.73189
0.69784
0.70329
0.81557
0.68714
0.79738
0.68013
0.8268
0.63709
0.4696
0.64864
0.66853
0.5959
0.60519
0.77358
0.68374
0.69858
0.7334
0.93187
0.70813
0.83907
0.70021
0.8749
0.74309
0.83163
0.79247
0.67067
0.75247
0.73107
0.829
0.73394
0.65531
0.80736
0.61442
0.72451
0.67902
0.69233
0.72902
0.71477
0.83923
0.84049
0.73145
0.71359
0.66106
0.79569
0.61424
0.7762
0.79545
0.55916
0.61398
0.82056
0.73358
0.8242
0.75984
0.81763
0.71048
0.70592
0.70359
0.70323
0.74295
0.53105
0.72878
0.77017
0.82148
0.6492
0.64516
0.6767
0.66576
0.77711
0.75175
0.626
0.77776
0.69777
0.7123
0.7016
0.57388
0.84206
0.65111
0.70574
0.66886
0.70574
0.69921
0.79349
0.83945
0.75646
0.74303
0.61492
0.7947
0.7539
0.79108
0.77411
0.76621
0.60195
0.92025
0.68817
0.76607
0.7537
0.66564
0.71294
0.69824
0.67866
0.78222
0.82026
0.75913
0.71618
0.83472
0.68024
0.71456
0.74587
0.69449
0.6121
0.71538
0.72823
0.77489
0.70518
0.76276
0.66399
0.78307
0.69038
0.79763
0.73306
0.86767
0.81106
0.48684
0.69873
0.78677
0.72914
0.74534
0.73929
0.72756
0.82161
0.85352
0.72626
0.66839
0.72303
0.86515
0.68156
0.73705
0.60598
0.73028
0.67712
0.64771
0.62707
0.66342
0.76472
0.66452
0.72756
0.74133
0.81326
0.74906
0.70568
0.79857
0.81852
0.73944
0.91094
0.66694
0.78329
0.75444
0.64196
0.79137
0.71828
0.6426
0.67567
0.71699
0.73082
0.74368
0.67348
0.77796
0.67782
0.64876
0.73315
0.68893
0.83999
0.71416
0.5415
0.73492
0.76954
0.79286
0.66512
0.67439
0.77225
0.66856
0.72703
0.65946
0.85326
0.62232
0.65572
0.61379
0.6925
0.79999
0.82331
0.77848
0.75181
0.6597
0.67981
0.79056
0.70791
0.64521
0.69204
0.75457
0.68081
0.76512
0.61992
0.75689
0.80194
0.69927
0.83181
0.75893
0.93785
0.70446
0.84142
0.73095
0.66378
0.62822
0.77678
0.71333
0.75047
0.85779
0.77898
0.78613
0.75015
0.91805
0.79158
0.84625
0.77369
0.80334
0.74194
0.80298
0.73928
0.85759
0.61313
0.70956
0.67598
0.78133
0.70758
0.6832
0.64093
0.67666
0.74054
0.67803
0.82068
0.73626
0.8496
0.74894
0.58046
0.78095
0.82741
0.72555
0.78404
0.80224
0.65137
0.75208
0.69332
0.6474
0.81211
0.74258
0.61097
0.87675
0.63955
0.79497
0.70375
0.82085
0.68733
0.76823
0.78007
0.78528
0.60669
0.68731
0.79161
0.79554
0.8969
0.68252
0.71074
0.67743
0.61423
0.66764
0.66421
0.71966
0.76556
0.71609
0.69514
0.71583
0.8816
0.77701
0.82875
0.62685
0.65726
0.79742
0.71806
0.6682
0.69713
0.7045
0.76879
0.85145
0.79777
0.67211
0.75619
0.90697
0.69246
0.73729
0.75723
0.69961
0.75522
0.79146
0.76071
0.78804
0.68572
0.85178
0.85118
0.64745
0.68466
0.84576
0.61034
0.79866
0.76016
0.74114
0.61215
0.70461
0.70091
0.79113
0.64136
0.61124
0.68893
0.81324
0.75382
0.70608
0.73601
0.66229
0.67336
0.60047
0.70345
0.83847
0.81586
0.67431
0.96292
0.77322
0.77734
0.67047
0.92493
0.70984
0.62419
0.81273
0.67013
0.60495
0.82566
0.67435
0.79849
0.76343
0.73907
0.69632
0.835
0.82915
0.7944
0.75121
0.75958
0.63439
0.6727
0.74677
0.85924
0.77373
0.77348
0.654
0.77315
0.63693
0.73821
0.57662
0.74307
0.87805
0.69004
0.65992
0.67357
0.79703
0.71162
0.74936
0.64594
0.66418
0.72889
0.76243
0.78486
0.79212
0.72489
0.84165
0.63735
0.6271
0.70996
0.74043
0.79189
0.72845
0.74208
0.78024
0.70899
0.67013
0.68844
0.82379
0.6992
0.77513
0.737
0.76242
0.6869
0.81115
0.73468
0.80265
0.76427
0.8252
0.73167
0.68226
0.6841
0.77705
0.7496
0.69596
0.85081
0.66061
0.68245
0.67063
0.70809
0.84294
0.68898
0.701
0.60716
0.88462
0.78705
0.62244
0.62668
0.77853
0.80837
0.7906
0.74802
0.70877
0.74022
0.6152
0.72921
0.78631
0.82068
0.83588
0.72967
0.7571
0.812
0.77978
0.69335
0.70284
0.63406
0.78942
0.67116
0.76051
0.72381
0.67286
0.84013
0.69166
0.73246
0.80127
0.84978
0.7064
0.73805
0.78136
0.7564
0.78222
0.79028
0.75271
0.78312
0.69936
0.78081
0.81511
0.61407
0.68035
0.67328
0.68946
0.67409
0.70469
0.79846
0.68555
0.78227
0.73077
0.87991
0.65441
0.79157
0.7586
0.8381
0.63984
0.75894
0.78984
0.62766
0.90764
0.55126
0.73712
0.70893
0.5872
0.69803
0.78819
0.78406
0.72713
0.75627
0.65747
0.77828
0.64399
