Short, Intermediate, Long
0.74051,0.81548,0.79627
0.90206,0.85074,0.81989
0.80011,0.7686,0.84873
0.94868,0.8159,0.75426
0.79152,0.74491,0.86863
0.90969,0.84506,0.88629
0.84664,0.79439,0.80306
0.86233,0.81809,0.64712
0.93254,0.8577,0.75022
0.87123,0.8134,0.82715
0.91139,0.82577,0.73227
0.85908,0.81748,0.81514
0.83751,0.75614,0.80746
0.89764,0.76193,0.84325
0.91236,0.91036,0.73382
0.82929,0.9442,0.83294
0.83885,0.86104,0.79551
0.80532,0.99237,0.75008
0.80355,0.66329,0.6163
0.79698,0.76317,0.88548
0.75551,0.81745,0.84847
0.76817,0.93167,0.74143
0.81926,0.94547,0.8619
0.9443,0.80373,0.77435
0.94672,0.85609,0.81379
0.7443,0.82531,0.7072
0.8103,0.85689,0.78201
0.84091,0.71742,0.78061
0.81929,0.83956,0.79737
0.84102,0.7333,0.79562
0.79917,0.98841,0.94512
0.90847,0.86929,0.79833
0.84334,0.81927,0.82119
0.78044,0.80609,0.85297
0.79338,0.8944,0.85919
0.77519,0.77647,0.7908
0.82342,0.79138,0.90496
0.79757,0.85492,0.84375
0.73707,0.73501,0.76231
0.92521,0.69895,0.90667
0.70893,0.81937,0.85431
1.0215,0.8208,0.76733
0.79274,0.84143,0.79752
0.71101,0.89095,0.9595
0.83154,0.8741,0.83193
0.83372,0.89663,0.83506
0.79736,0.76624,0.82786
0.88196,0.91603,0.85066
0.90933,0.84265,0.84197
0.81225,0.80564,0.97787
0.85029,0.86377,0.87009
0.82551,0.78418,0.82605
0.9157,0.77848,0.81801
0.90607,0.86787,0.77792
0.91289,0.90286,0.88765
0.84316,0.87406,0.78426
0.75494,0.81889,0.82314
0.8983,0.95327,0.95711
0.87533,0.82649,0.80785
0.73226,0.84273,0.96249
0.88053,0.92687,0.84816
0.82641,0.92225,0.80213
0.86756,0.8305,0.93479
0.84721,0.80131,0.66318
0.86064,0.84035,0.79177
0.89692,0.90026,0.79563
0.88936,0.69225,0.72441
0.7545,0.70492,0.9871
0.78104,0.87885,0.81447
0.74349,0.78506,0.74046
0.91155,0.94181,0.80502
0.76768,0.80198,0.71346
0.75864,0.89212,0.86073
0.80133,0.78803,0.864
0.79975,0.84456,0.89099
0.83717,1.0303,0.7842
0.92445,0.76904,0.83241
0.77579,0.75865,0.86663
0.65671,0.91934,0.82162
0.94355,0.90125,0.82154
0.87617,0.91112,0.84138
0.91329,0.86064,0.71738
0.94417,0.83265,0.7948
0.81476,0.9076,0.85234
0.88969,0.88632,0.77259
0.88242,0.82416,0.75719
0.90131,0.81779,0.79338
0.82471,0.78654,0.93356
0.84705,0.84364,0.90978
0.90274,0.80659,0.89046
0.95734,0.88917,0.81868
0.83623,0.81332,0.803
0.93681,0.95099,0.81988
0.75288,0.73147,0.76195
0.91259,0.82992,0.85306
0.77989,0.66016,0.77689
0.93927,0.73394,0.74135
0.84652,0.85716,0.78267
0.82496,0.65523,0.872
0.77882,0.88688,0.84974
0.87772,0.80789,0.8521
0.75396,0.88026,0.72655
0.73449,0.82317,0.84949
0.79686,0.86214,0.81504
0.8339,0.88798,0.81328
0.83332,0.82732,0.93552
0.9528,0.67984,0.72636
0.87472,0.82078,0.86644
0.85633,0.7619,0.76832
0.89795,0.67681,0.93037
0.91738,0.89397,0.85912
0.81919,0.94066,0.75385
0.75286,0.83866,0.87288
0.84417,0.79543,0.87309
1.0261,0.93545,0.8749
0.77495,0.8713,0.74206
0.87698,0.82808,0.76091
0.92597,0.72644,0.84617
0.8054,0.89273,0.7717
0.97848,0.73531,0.88377
0.9922,0.88609,0.862
0.91863,0.89952,0.87761
0.80846,0.84451,0.81928
0.88361,0.95529,0.88366
0.79925,0.94385,0.87668
0.83129,0.78863,0.84694
0.94113,0.77051,0.88248
0.86273,0.88161,0.72274
0.51173,0.90913,0.8146
0.84353,0.77076,0.87168
0.82571,0.83725,0.90498
0.81003,0.80509,0.83899
0.96805,0.84479,0.76955
0.84921,0.79852,0.89433
0.94421,0.91993,0.85977
0.84704,0.79393,0.86236
0.93272,0.79436,0.69186
0.85527,0.90698,0.88609
0.9136,0.69342,0.83394
0.7179,0.85862,0.81038
0.80072,0.79498,0.81514
0.84743,0.86418,0.82057
0.96836,0.75941,0.86576
0.80949,0.88687,0.8181
0.80291,0.76614,0.8585
0.71841,0.80332,0.95073
0.8066,0.72146,0.78972
0.91812,0.95442,0.8709
0.69262,0.82107,0.85711
0.74067,0.82665,0.78187
0.72972,0.87003,0.76025
0.91123,0.85127,0.91074
0.88626,0.7623,0.77997
0.743,0.94712,0.69162
0.90902,0.95759,0.69186
0.69278,0.94973,0.85457
0.71044,0.97331,0.82209
0.81195,0.93916,0.89014
0.8583,0.81948,0.76843
0.75538,0.83157,0.84605
0.88014,0.94418,0.89974
0.86289,0.74684,0.88217
0.80269,0.81894,0.73893
0.86091,0.90815,0.81914
0.8462,0.76134,0.83349
0.78921,0.90282,0.86877
0.73159,0.72722,0.85519
0.87641,0.91689,0.86715
0.82607,0.89504,0.97509
0.73993,0.85604,0.87719
0.78082,0.72897,0.8925
0.86685,0.69549,0.88537
0.77516,0.78797,0.89642
0.83808,0.94977,0.78669
0.81637,0.76803,0.90016
0.91751,0.8092,0.88344
0.72605,0.82778,0.87778
0.72346,0.84845,0.94778
0.83639,0.80913,0.86769
0.79702,0.76032,0.84735
0.90981,0.70414,0.83692
0.85176,0.7488,0.96717
0.91233,0.88104,0.84357
0.84463,0.90992,0.75999
0.91948,0.89349,0.77777
0.82555,0.81529,0.82505
0.81486,0.86398,0.81945
0.78331,0.84272,0.8177
0.76862,0.79907,0.80007
0.77584,0.83192,0.82262
0.82682,0.87369,0.84282
0.81375,0.85907,0.83393
0.72371,0.81247,0.84626
0.85149,0.83537,0.99588
0.87321,0.91133,0.80651
0.96038,0.92316,0.81709
0.8468,0.83194,0.80696
0.84466,0.88103,0.82044
0.93038,0.73765,0.79766
0.80335,0.81027,0.98964
0.98349,0.80439,0.86006
0.90222,0.67002,0.75749
0.86875,0.81995,0.83694
0.81104,0.93845,0.85618
0.98958,0.98106,0.90434
0.97683,0.96074,0.82853
0.97362,0.84263,0.78905
0.77188,0.85326,0.81421
0.86713,0.88124,0.7208
0.85731,0.81492,0.81646
0.90871,0.80927,0.93335
0.90772,0.92688,0.76612
0.89407,0.93292,0.76713
0.93325,0.75357,0.78933
0.92322,0.77198,0.89236
0.90628,0.78953,0.87829
0.80479,0.69566,0.97823
0.77919,0.8671,0.82855
0.80009,0.82147,0.84185
0.70723,0.83056,0.75189
0.77098,0.81175,0.84748
0.69906,0.86267,0.91359
0.86747,0.75259,0.88805
0.78408,0.77152,0.7874
0.91817,0.87715,0.76203
0.95885,0.68905,0.81644
1.0179,0.70311,0.8429
0.9529,0.8017,0.73065
0.91941,0.84033,0.94126
0.96204,0.79666,0.95916
0.85743,0.79153,0.93882
0.95193,0.94249,0.80986
0.93367,0.93677,0.74336
0.80693,1.0027,0.8826
0.83639,0.85204,0.83389
0.778,0.80296,0.89584
0.86914,0.80855,0.81787
0.80026,0.79878,0.71593
0.9421,0.92263,0.80604
0.82939,0.88636,0.83588
0.82984,0.9812,0.76992
0.85694,0.85002,0.98231
0.86302,0.80195,0.92915
0.79729,0.87512,0.86605
0.72013,0.82366,0.75254
0.75027,0.83633,0.80978
0.78572,1.0414,0.81025
0.81681,0.8519,0.79971
0.77716,0.96315,0.86369
1.0116,0.77834,0.87119
0.82719,0.8994,0.75871
0.8142,0.91302,0.8421
0.8415,0.87985,0.82037
0.82795,0.80824,0.81676
0.72064,0.82817,0.79067
0.72871,0.87253,0.82003
0.81664,0.78774,0.83876
0.67884,0.83758,0.79634
0.88027,0.85904,0.7966
0.84407,0.79137,0.81952
0.85238,0.82284,0.82716
0.87125,0.81692,0.83001
0.80543,0.77936,0.83249
0.77015,0.9602,0.94376
0.78458,0.86146,0.84308
0.74904,0.83147,0.81042
0.77927,1.0002,0.74566
0.78043,0.80736,0.90394
0.76092,0.84989,0.92309
0.88588,0.72827,0.81654
0.95293,0.78272,0.82076
0.89678,0.82345,0.78481
0.77143,0.85723,0.72685
0.95307,0.78355,0.92969
0.71471,0.9505,0.91339
0.84831,0.80663,0.74041
0.84552,0.83241,0.76052
0.84217,1.0002,0.89369
0.90395,0.92246,0.85758
0.83195,0.78559,0.91266
0.85371,0.90544,0.86788
0.72507,0.77053,0.75645
0.87681,0.92348,1.0103
0.93758,0.75636,0.86225
0.75511,0.76615,0.91494
0.83272,0.86531,0.72277
0.824,0.85772,0.88706
0.84462,0.91844,0.75903
0.66083,0.82852,0.94431
0.70982,0.8438,0.89872
0.81642,0.84475,0.80229
0.82307,0.93343,0.91868
0.82854,0.9478,0.83386
0.68629,0.84295,0.94217
0.73555,0.72318,0.82198
0.76626,0.94683,0.99979
0.76132,0.7989,0.79996
0.88128,0.85426,0.72494
0.85389,0.76835,0.77494
0.80472,0.84117,0.87029
0.89377,0.7884,0.76981
0.90863,0.82147,0.82141
0.89017,0.84251,0.87681
1.0339,0.83154,0.83808
0.73244,0.8013,0.81091
0.76326,0.80207,0.80965
0.8212,0.95853,0.84889
0.83566,0.93127,0.86192
0.84551,0.85775,0.82675
0.80967,0.89188,0.81102
0.73009,0.80042,0.8115
0.70595,0.7182,0.81509
0.81162,0.76566,0.84818
0.74251,0.8862,0.72272
0.85214,0.71276,0.85915
1.0317,0.9626,0.82851
0.87,0.99177,0.85315
0.83307,0.79603,0.79729
0.91583,0.8364,0.87868
0.8698,0.84142,0.76835
0.96977,0.98517,0.8385
0.90215,0.87338,0.88239
0.80196,0.72474,0.88603
0.7002,0.74423,0.93359
0.77189,0.75325,0.80943
0.86299,0.81789,0.85328
0.94094,0.88229,0.80211
0.73537,0.92812,0.81334
0.88972,0.9329,0.87829
0.85129,0.87112,0.9546
0.76698,0.814,0.79358
0.804,0.85106,0.8179
0.85702,0.71809,0.84529
0.81468,0.8014,0.73799
0.821,1.0414,0.86142
0.93859,0.83662,0.82233
0.93735,0.85775,0.84649
0.83533,0.75411,0.79583
0.96189,0.91083,0.81867
0.90367,0.83382,0.89598
0.8125,0.90563,0.86883
0.68532,0.85012,0.74272
0.78296,0.88063,0.90672
0.90423,0.74983,0.87879
0.88599,0.8391,0.72186
0.79929,0.79893,0.8547
0.94488,0.83982,0.902
0.84381,0.81588,0.85854
0.82807,0.89266,0.82824
0.80172,0.98406,0.85077
0.76189,0.87151,0.94872
0.92708,0.73803,0.7995
0.92909,0.63409,0.77936
0.70875,0.7958,0.78591
1.0194,0.76232,0.80754
0.84654,0.69248,0.84258
0.79663,0.79932,0.77508
0.88089,0.8468,0.89108
0.91385,0.84503,0.82484
0.81703,0.86518,0.80151
0.85154,0.78587,0.75283
0.94865,0.73322,0.90749
0.80094,0.75929,0.90261
0.90539,0.77761,0.79499
0.81115,0.73664,0.9251
0.9412,0.83367,0.80561
0.73074,0.87337,0.85867
0.65807,0.79665,0.82781
0.74441,0.72862,0.84143
0.68994,0.77357,0.82974
0.6835,0.77201,0.91416
0.8932,0.804,0.74998
0.84255,0.86978,0.8557
0.80962,0.8609,0.83109
0.77983,0.88749,0.88295
0.91891,0.89803,0.76523
0.75497,0.76456,0.91521
0.83679,0.8237,0.81678
0.83756,0.83082,0.83059
0.77573,0.89757,0.87158
0.72022,0.77774,0.826
0.80584,0.73078,0.77657
0.67093,0.90918,0.90737
0.86341,0.94821,0.81064
0.98669,0.81352,0.79467
0.66947,0.7765,0.84659
0.75567,0.86169,0.94853
0.96288,0.91825,0.87674
0.76494,0.92348,0.80161
0.86565,0.81132,0.88212
0.91538,0.77488,0.7835
0.7994,0.72499,0.92888
0.84927,0.86362,0.86787
0.88645,0.87018,0.85759
0.86915,0.71453,0.82807
0.84482,0.84763,0.86182
1.1201,0.85865,0.84995
0.86131,0.88981,0.80269
0.78528,1.016,0.89879
1.0435,0.7896,0.93376
0.85853,0.89256,0.76666
0.86395,0.91342,0.84552
0.78881,0.8504,0.91868
0.75571,0.88702,0.76706
0.89324,0.73395,0.85597
0.85756,0.80419,0.88798
0.83817,0.80796,0.98297
0.75233,0.89986,0.76339
0.74645,0.96398,0.86461
0.94494,0.94311,0.96705
0.84654,0.90033,0.80811
0.73839,0.72011,0.93116
0.87173,0.86706,0.83656
1.0013,0.73808,0.81664
0.84163,0.81175,0.7398
0.96758,0.86178,0.84496
0.74227,0.88728,0.81311
0.77982,0.92038,0.80199
0.91985,0.82872,0.90206
0.86567,0.96713,0.8765
0.82309,0.81997,0.67455
0.83754,0.74578,0.80119
0.86406,0.78592,0.73652
0.80049,0.79252,0.83138
0.75985,0.72241,0.90938
0.7303,0.79701,0.84953
0.91922,0.80925,0.80661
0.95037,0.68597,0.74084
0.82093,0.79065,0.88403
0.80839,0.86484,0.95492
0.92917,0.84145,0.82039
0.86282,0.85661,0.77011
0.74017,0.77833,0.94873
0.78792,0.68588,0.84802
0.8669,0.85655,0.89148
0.82529,0.8903,0.80349
0.82483,0.90394,0.78934
0.83005,0.77483,0.80609
0.91852,0.89413,0.73013
0.73696,0.82561,0.81682
0.67496,0.89132,0.9168
0.89186,0.89511,0.91022
0.7704,0.74206,0.77302
0.85589,0.82336,0.82479
0.86425,0.8613,0.78977
0.76269,0.83692,0.90184
0.7351,0.93563,0.85698
0.79707,0.88668,0.98401
0.85733,0.7692,0.90325
0.8488,0.85363,0.80035
0.8713,0.89362,0.85901
0.68311,0.92281,0.74896
0.95523,0.76351,0.91597
0.87506,0.77774,0.8564
0.84548,0.85301,0.74823
0.95825,0.81505,0.79488
0.83038,0.89719,0.92447
0.9649,0.86828,0.80443
0.85645,0.91875,0.88237
0.79136,0.86857,0.85083
0.89696,0.81916,0.77369
0.79124,0.97773,0.76915
0.76281,0.96684,0.89573
0.72751,0.79506,0.84427
1.0972,0.84946,0.89122
0.72515,0.88835,0.84588
0.75726,0.85438,0.85697
0.95655,0.93462,0.87876
0.82106,0.89856,0.89366
0.74191,0.86283,0.96386
0.8141,0.90965,0.91247
0.83736,0.85123,0.84396
0.88783,0.84272,0.78947
0.96615,0.83802,0.88761
0.90076,0.83787,0.84143
0.75185,0.75886,0.85798
0.86301,0.68361,0.93657
0.83601,0.8666,0.76632
0.98101,0.75637,0.72166
0.8243,0.99347,0.94934
0.92113,0.8259,0.8463
0.79316,0.89848,0.86419
0.79229,0.82576,0.81394
0.85501,0.79731,0.93738
0.8508,0.88213,0.86718
0.78351,0.80738,0.90599
0.77528,0.79998,0.82282
0.80067,0.82836,0.81915
0.74756,0.8176,0.85559
0.92327,0.88835,0.79182
0.76701,0.75775,0.85259
0.87335,0.91949,0.75715
0.92162,0.89339,0.85246
0.80381,0.76861,0.76257
0.89091,0.79675,0.87848
0.91575,0.84304,0.82646
1.0057,0.80187,0.79002
0.89192,0.82759,0.79103
1.0168,0.84486,0.84586
0.88428,0.80297,0.78576
