Short, Interm., Long
1.3023,0.64869,1.2737
0.7879,1.7014,0.96502
1.819,0.92028,1.4452
-0.015833,0.072689,0.92493
0.15906,-0.034808,1.2369
0.99377,0.90345,1.1157
1.1949,1.6074,1.2626
1.4728,1.0596,0.66444
-1.3267,1.0375,0.96106
1.7192,0.59545,0.49333
1.4315,0.87982,1.3916
0.44511,-0.63807,0.14444
0.60884,0.40841,0.92592
0.84772,1.5523,1.2522
1.8376,0.25247,1.0991
1.4654,1.6527,0.83291
0.67717,0.89458,0.7767
-1.4591,0.033608,0.85706
1.2893,0.77301,0.70544
1.5287,0.66316,0.83529
0.66751,1.0377,0.083186
0.78194,0.75625,1.4621
1.4053,0.75955,1.7366
1.0586,0.67867,1.1969
0.50114,0.44006,1.4323
-0.31632,1.3701,0.65425
0.77351,1.5333,1.159
1.7,0.7589,1.6187
1.1343,-0.017075,0.59111
1.6343,-0.057078,0.36494
1.8455,0.99758,0.96706
1.88,1.3432,0.61558
0.69597,1.5757,0.92589
0.85517,1.4115,1.0415
0.26048,1.4994,0.69211
1.7492,0.26204,1.1849
0.33891,-0.50125,1.3008
1.3009,1.077,-0.4151
0.22488,0.84868,1.0894
1.0407,0.3424,1.4643
0.52241,1.773,0.013624
0.36731,1.6052,-0.54137
0.62732,0.70563,1.1989
0.3878,0.07288,-0.68102
0.037521,0.96924,0.86229
1.1703,0.037406,0.92301
-0.58712,-0.058224,0.68724
1.3507,1.578,0.4288
1.0476,0.74129,0.98399
-0.66266,1.7367,0.85227
-0.13852,0.52923,0.89897
1.1057,0.9502,-0.12526
1.1012,1.0689,1.2813
1.1304,1.5524,0.28332
-0.066024,0.75952,0.6588
1.667,0.82619,0.57182
1.3175,1.0352,0.78473
1.3831,0.99468,0.56239
0.77762,1.8081,0.58223
1.3561,1.1124,1.3906
1.333,0.58785,1.298
0.44455,1.3747,0.11629
0.5354,1.4706,0.89509
0.49888,1.2509,0.8066
0.69433,1.6291,1.2343
0.6692,0.52143,1.2472
0.94056,1.2667,0.64685
1.8746,0.67967,1.5384
1.5612,0.71413,1.0238
1.8865,1.5249,1.2517
0.62932,1.0407,0.68289
1.9582,1.2209,0.32329
0.86713,1.5811,0.93206
0.70672,1.2173,0.50049
0.50488,0.7036,1.0674
1.1083,-0.37741,0.90096
1.1983,0.58692,0.7643
1.2315,1.1931,0.90239
1.4444,1.6261,0.64663
-0.25509,0.33684,1.2515
-1.536,-0.38111,0.52172
0.62503,0.56568,0.8572
0.9907,0.42263,0.47435
1.3432,0.89288,0.9313
0.12853,1.6501,1.3521
1.0708,0.29099,1.0621
-0.72495,1.3556,0.76073
0.32948,1.2748,0.74088
0.93193,0.4232,1.361
0.78603,0.96093,0.98219
1.4459,0.13198,0.3611
1.7097,0.74633,0.26339
0.43498,1.8399,-0.48496
0.89454,1.5915,0.64377
1.2333,1.4343,0.24282
0.94498,1.4894,0.27452
1.1307,-0.48905,0.85563
0.24435,1.2092,0.17093
1.3286,-1.5168,1.2995
1.4375,1.7383,0.85054
1.2356,0.88808,1.1373
1.0395,1.1638,0.68601
0.74509,0.45261,1.1407
0.33279,0.46981,1.0789
0.86765,0.73226,0.96913
0.73669,1.0137,0.54021
0.93704,-0.053019,1.212
1.1086,2.1083,1.0769
0.22022,0.24267,0.030553
1.154,1.0302,1.0658
0.84102,0.86554,0.90596
1.8283,1.4148,-0.078103
1.3618,0.85153,0.47255
1.6432,1.2543,0.63528
-0.10603,1.839,0.63545
0.5811,0.22869,0.69323
0.28276,0.2694,0.17202
0.91836,0.61977,0.97834
0.33975,0.40145,0.70164
0.97581,0.36272,1.4632
0.88204,1.0283,1.1102
1.458,0.44737,0.42943
0.31988,1.2652,1.3132
0.92841,0.31782,0.62621
0.50527,0.6698,1.4942
1.0776,0.32892,0.66765
0.55527,1.2024,0.11047
0.59649,1.0721,1.1222
1.444,-0.14848,0.70942
-0.25382,1.1214,1.3333
1.7429,1.3699,1.0522
1.8316,0.55869,0.99296
1.2516,0.84339,0.78205
1.3993,-0.94289,0.77615
0.25697,0.59476,1.0752
1.7598,0.11473,0.44801
0.33871,-0.73653,0.81123
0.83577,0.53475,0.5144
1.224,-0.016541,1.1293
1.2894,0.59773,0.63176
0.31889,1.2552,1.0036
0.8605,1.7873,1.3446
0.92738,0.48528,0.8158
1.2224,0.65704,-0.092364
0.13707,1.0292,0.94683
0.73529,1.5635,0.52568
1.2764,0.12111,0.99266
1.7395,1.0422,1.3043
1.5321,1.7863,0.94379
-0.32681,-1.974,0.087208
0.93419,0.7166,0.5968
0.86388,1.5538,0.95286
1.0431,1.324,0.9689
1.1709,1.0576,1.1001
-0.60531,-0.050277,0.59332
-1.6188,0.15415,0.42458
1.4586,0.70536,0.020273
0.68363,1.3063,1.4964
-0.10532,0.37146,-0.38854
0.91473,-0.070034,1.5136
1.5884,0.97717,1.1987
0.62411,0.58098,0.10334
0.67774,0.77287,0.8591
1.511,0.43607,0.13857
1.5557,1.8804,0.43539
0.39893,0.37374,1.4401
1.1411,1.0505,1.2348
1.0995,1.2828,1.1483
1.3515,1.0258,1.4284
-0.75511,1.0176,0.59882
1.4576,1.3043,-0.9324
0.13522,-0.039557,1.0433
1.3585,-0.035844,0.43407
1.3239,-0.46402,0.57224
0.010254,1.3644,0.24628
1.4002,0.74488,0.39459
1.3259,1.2467,0.63182
1.1787,1.4161,1.004
-0.28571,0.4195,1.027
1.1084,1.5145,0.83903
1.046,0.56675,1.6702
1.8918,1.4621,0.56248
0.23071,1.6836,0.54594
1.1984,-0.22468,0.71097
1.631,0.42917,0.79101
1.5109,1.519,0.64375
1.8073,1.1686,0.82845
1.0764,1.0664,0.74189
1.0466,1.2054,0.95524
0.84033,0.76084,0.1792
1.2999,0.82695,0.36188
-0.070456,0.011081,0.85941
1.5936,1.2725,0.75742
-0.03502,1.5055,0.61871
0.81917,1.1841,0.74717
1.6328,1.327,1.3755
1.4417,0.72354,1.4111
1.6301,0.95563,1.2917
0.68045,1.8548,1.2247
0.77919,0.73479,0.19078
1.5139,0.80088,0.73547
1.1807,0.94325,0.29258
0.32448,1.5469,1.1343
1.1661,0.79067,1.6182
0.60926,1.6409,1.7513
0.53668,0.17693,1.1982
0.66867,0.27316,0.53416
1.1885,0.27728,0.89249
-0.26818,0.96718,0.78847
1.9107,1.4949,1.5029
-0.99656,0.068416,0.99944
0.46072,1.1807,0.46015
1.5626,1.0836,0.82288
0.11351,-0.89074,1.1011
0.03293,1.3691,0.82061
0.99914,-1.3931,1.0819
1.599,0.98256,1.3709
-0.40467,0.64957,0.95461
0.70427,0.92879,0.39147
0.87902,1.6089,0.76276
-0.25084,0.28061,-0.24878
0.17528,1.296,0.50365
0.70627,1.999,1.1126
1.1856,0.93531,1.0643
1.1879,0.51461,0.92229
-0.14201,-0.28286,1.4513
0.71617,1.1733,0.34644
1.0199,0.5433,-0.52318
0.53794,1.2643,1.0209
1.4702,1.2106,1.1401
1.23,1.2653,0.82974
0.79888,1.3951,0.70167
1.5357,-0.54119,0.73108
1.3475,-0.57263,1.5332
1.1439,0.25587,0.15102
0.98386,-1.5575,0.46649
0.16248,0.46987,1.4833
1.1888,1.1321,0.19138
0.046969,1.386,0.71069
1.6635,0.55076,0.53965
-2.8677,1.0714,1.126
0.6286,1.061,-0.55049
0.12754,1.5552,0.58556
1.7363,0.28938,0.80145
0.41253,0.30675,1.6872
0.36233,0.78523,-0.026739
0.87422,0.5715,0.59144
0.73353,0.62337,1.0219
0.92289,1.1382,0.76586
0.93807,1.3217,0.82929
0.674,0.3856,0.98465
0.7906,1.3018,1.3223
1.5481,0.67211,1.0697
-0.32313,1.2951,1.0068
1.2915,0.54974,0.89293
0.80794,-1.9508,0.35175
1.2706,1.5888,1.3015
1.4794,1.1277,0.91529
0.077361,0.33581,0.94304
1.1833,0.99521,-0.10908
0.5324,1.1454,0.92488
0.99768,0.65721,1.5156
1.2941,0.88465,0.79301
1.218,1.4253,0.89341
0.7685,0.83374,0.87846
0.50459,1.0738,1.3114
1.0962,1.5371,1.0106
0.72802,1.6525,0.80725
-0.10362,0.024261,1.5854
0.81008,0.77874,0.47404
-1.405,0.89955,-0.47259
0.83452,1.1657,1.0445
0.059327,1.1521,1.4937
0.049415,-0.15143,0.80519
1.6489,1.2132,0.80919
2.0143,0.33333,0.88115
2.0295,0.58114,0.87847
0.57206,-0.19031,0.43
0.54094,1.1911,0.60492
1.3427,0.58909,0.56994
1.7449,1.3926,0.043074
1.8059,0.31556,1.4829
0.92085,1.087,1.1352
0.91251,0.99518,1.1006
-0.010037,0.6241,0.95733
1.3988,1.2648,0.6658
1.0181,0.82682,0.42249
-0.80719,1.197,1.325
1.2961,1.4847,0.28741
0.10481,1.1692,0.49951
0.80681,-0.071632,1.1759
0.6793,1.3308,0.86648
1.0029,0.53181,0.76782
0.61015,0.76693,0.82008
1.0258,1.5304,0.61023
-0.30909,1.6749,0.88715
1.6512,1.212,1.3095
1.2635,1.1967,0.73898
-0.29065,1.0556,1.8318
1.211,1.1532,0.036892
1.2947,-0.53482,0.22423
0.64702,1.1078,0.56589
0.88483,1.7402,1.3953
1.6738,1.4972,-0.59954
0.78122,1.414,-0.17041
1.3182,1.0211,0.8144
1.5052,0.65604,1.2463
1.4559,1.396,0.16785
-0.11874,1.3336,0.15212
1.1445,0.87299,-0.071881
1.6846,-1.0754,0.13143
1.0434,1.3166,1.5444
0.6493,-1.2274,1.1128
0.9794,1.0814,1.3213
0.61253,1.1956,1.2914
1.3153,1.479,0.25142
0.48695,1.4242,1.1975
1.179,1.838,0.99434
0.67026,1.4053,-0.23616
1.0661,1.1136,1.175
1.2499,1.1752,1.4882
2.2494,1.0034,0.60749
1.0875,1.2521,0.71111
0.78198,1.1495,0.8708
0.83276,1.6667,0.9527
-0.18761,0.71233,0.64631
0.96085,0.99852,0.86082
1.6795,0.33525,1.4285
0.025261,-3.4125,1.5992
-0.20073,1.3814,0.65027
0.57155,-0.0033353,1.1529
0.95275,0.16572,0.92876
0.96059,0.60172,0.082336
1.3341,0.15569,1.2247
0.89216,0.092755,-0.040357
1.3749,1.8584,0.16746
0.34187,0.78913,1.0621
0.93402,-0.80208,0.62936
0.51725,0.96391,0.28147
1.1012,0.21559,0.51931
-1.0472,1.3101,0.97637
1.0085,1.2777,1.5305
1.2895,1.2657,-0.50155
0.43186,1.3339,0.55035
1.1695,1.0435,1.047
0.067298,0.71702,1.3575
0.98974,-0.23287,0.78118
0.44434,1.023,1.0652
0.66083,0.88916,1.3728
0.77039,1.0249,0.39124
0.045068,-0.5698,1.1015
1.8226,0.83963,0.55495
0.60668,1.1296,0.62773
-0.52084,1.0988,0.87807
-0.89625,0.58438,0.06524
0.62202,1.3949,0.66119
1.5206,1.0961,-0.93991
0.93491,0.88939,1.2379
0.89989,0.68745,0.96803
0.8461,0.4904,1.0838
0.15983,1.2259,1.3417
0.89025,1.5773,1.3977
1.5559,-0.041689,1.2455
1.2358,0.67246,0.49907
0.62636,1.1684,1.2766
0.32739,0.80458,0.87868
0.72736,0.50518,1.5057
0.28797,1.4054,0.97274
1.1221,-0.29685,0.71041
0.44551,-0.8699,0.81125
-0.29998,1.6985,0.51537
0.80142,1.4829,1.4041
1.5697,1.5069,1.3714
1.5206,1.054,0.14878
1.5122,0.37121,0.7569
1.5347,-0.21712,1.2994
1.318,0.4385,-1.0107
0.58393,1.5929,1.2876
0.46314,0.94017,0.15395
1.1679,1.5005,0.042799
0.29492,1.2266,0.72129
1.3943,0.55447,1.2945
0.99284,1.2792,1.0035
0.45709,0.62373,1.2215
-1.2759,0.64627,1.1027
-0.0039443,1.3854,0.26743
1.1202,0.58462,0.10785
-0.11299,-0.30114,0.84694
0.87011,0.6205,1.3624
1.2136,1.1531,1.2537
1.3591,1.3305,0.010337
1.3335,0.13942,1.2727
0.19017,-0.32368,1.1356
0.44942,0.17108,0.58192
0.47894,0.82791,1.6728
1.429,0.82663,1.1454
0.22632,1.0502,1.5486
0.87067,0.37222,1.4182
2.1319,0.083122,1.5685
0.69817,1.5787,0.61985
1.027,0.68438,0.86791
0.48843,0.70515,1.335
1.7052,0.83007,1.7497
1.1944,1.2797,1.2266
1.7168,1.4834,0.80608
1.5026,-0.68911,0.30339
1.3408,0.91495,-0.016317
0.85601,0.82245,0.13238
1.617,0.15287,1.5084
-0.018131,0.42641,1.1383
1.4207,0.89477,1.0337
1.0223,1.0167,0.95751
0.90816,1.621,0.53228
1.3525,0.89661,0.81615
1.6398,0.006989,0.082813
1.5481,0.47551,1.6624
0.94095,0.96288,0.56163
-0.39464,1.3572,0.25061
1.0015,0.47315,0.76531
1.2417,1.6492,1.1436
1.2521,-0.4445,0.75581
0.36521,0.76907,0.78094
0.95109,1.2951,0.41643
1.3251,0.98355,1.0324
1.4766,1.6713,1.2877
0.9967,-0.59931,1.7927
0.94421,1.3072,1.1052
1.0552,0.78161,1.1725
-2.1186,0.81242,1.3321
1.2601,0.33711,0.58083
1.1546,0.33682,1.1514
1.4192,0.67502,0.48087
0.64587,1.1294,-0.38072
0.70351,1.5232,0.84436
0.70551,1.2553,-0.76048
0.71749,1.5615,1.4545
1.3138,1.4349,1.2916
1.3729,0.062364,1.1416
0.68975,1.2242,0.73368
-0.10441,-0.42226,0.76057
1.105,-0.22045,1.0547
0.6189,1.4897,1.1014
0.19706,1.5869,-0.45432
-0.5918,0.70317,0.75368
1.0986,1.2135,1.263
0.85981,0.55699,0.55078
1.1446,1.3053,1.5709
1.3505,1.0399,1.1688
0.535,1.0723,0.20256
0.92869,1.267,0.44562
0.89665,1.0559,1.008
0.50304,-0.41916,0.64245
1.214,0.77181,0.86183
1.866,0.44121,0.86113
0.55617,1.5728,0.26369
0.89642,0.88646,0.72778
1.1039,0.040968,1.1692
1.3207,-0.22362,1.0367
0.30754,1.1398,-0.19711
1.5763,0.28102,0.77548
0.37197,1.27,1.3596
0.95982,0.89909,1.2439
-0.11821,0.92274,1.2062
0.092519,0.29472,0.86241
0.48841,0.58588,0.20216
1.2934,-0.90009,1.0908
1.4089,-0.24335,0.040158
0.31486,1.4879,1.0352
1.2873,1.2373,1.5028
0.96998,1.3733,0.44501
-1.7466,-0.41217,0.41765
0.33172,0.29646,0.87684
-0.5798,1.1636,0.71921
0.48452,0.97436,0.86866
1.4605,0.75441,0.44378
1.173,1.4496,1.0201
1.1868,-0.53584,1.0464
1.5978,0.1041,1.3012
0.53216,1.1242,1.1459
1.1993,-0.94193,0.57862
0.94944,1.6416,1.2259
1.3043,0.89798,1.3554
0.67668,1.4141,1.4194
0.78092,0.13292,0.88834
0.83543,-1.1674,1.1784
0.85133,-0.0045046,0.78523
1.6438,-0.18968,0.45576
0.38106,0.90792,1.5673
1.3192,-0.023076,1.4575
0.19985,1.3314,1.005
1.5725,-0.43125,-0.52087
1.3185,0.5025,0.46512
0.94275,1.4429,0.53948
1.759,1.2231,-0.014679
0.62172,1.8128,0.85518
2.183,0.4225,1.1802
1.3312,1.1617,0.51276
1.545,1.256,0.89984
1.1003,0.72568,-0.11684
1.5385,1.7237,1.1722
