LPS, LS, LP, PS, LPSLow, LSLow
0.8233
0.91278
0.93195
0.82556
0.72257
0.8873
0.82153
0.92686
0.92696
0.69211
0.75912
0.96829
0.86985
0.76735
0.87455
0.93949
0.82877
0.76321
0.84675
0.97603
0.97295
0.91183
0.86639
0.83517
0.90019
0.81037
0.88485
0.85205
0.81925
0.8934
0.70794
0.75991
0.99906
0.83666
0.75598
0.89529
0.84363
0.86015
0.91486
0.97909
0.64433
0.92842
0.80844
0.83116
0.98251
0.93187
0.91275
1.0128
0.9026
0.9007
0.94195
0.78475
0.80874
0.76614
0.81524
0.67294
0.92931
0.92158
0.83147
0.89422
0.84306
0.83218
0.92268
0.74936
0.81434
0.71086
0.82164
0.89433
0.83821
0.82654
0.91063
0.74049
0.83989
0.7905
0.76641
0.96494
0.77177
0.89261
0.88448
0.89988
0.8878
0.93286
0.86803
0.73457
0.87717
0.95871
0.64235
0.86755
0.8112
0.77196
0.98341
0.81623
0.92757
0.72491
0.80774
0.95695
0.64014
0.8717
0.92986
0.96725
0.78312
0.80113
0.98394
0.81318
0.88127
0.92041
0.86102
0.71633
0.87537
0.66586
0.86535
0.87275
1.0445
0.91865
0.90261
0.79541
0.82092
0.65043
0.97148
0.9076
0.96395
0.85179
0.81607
0.91101
0.90789
0.85544
0.72344
0.94243
0.96889
0.8474
0.7586
0.8802
0.93828
0.88649
0.85877
0.82733
0.7182
0.90458
0.97282
0.91827
0.86242
0.90388
0.86956
0.92157
0.86624
0.91586
0.67431
0.93751
0.73744
0.78153
0.91253
0.85505
0.89757
0.78752
0.79401
0.84426
0.89941
0.72873
0.73435
0.80314
0.78159
0.85163
0.84456
0.8191
0.84181
0.98473
0.8008
0.88357
0.94503
0.83026
0.90613
0.60878
0.76018
0.90411
0.75752
0.9365
0.79732
0.93645
0.93612
0.9318
0.74514
0.89043
0.82729
0.81763
0.76552
0.87383
0.81384
0.8083
0.6182
0.83762
0.81566
0.88699
0.72419
0.83936
0.82354
0.72876
0.70264
0.89246
0.80253
0.88345
0.83904
0.81201
0.92321
0.94713
0.93015
0.95556
0.86507
0.89078
0.96476
0.90877
0.79877
0.77843
0.86966
0.79305
1.0383
0.88581
0.86868
0.84643
0.5601
0.87511
0.78225
0.81468
0.74144
0.83867
0.90563
0.75816
0.93755
0.90618
0.97463
0.9785
0.91825
0.81601
0.91161
0.84075
0.89469
0.91315
0.922
0.91221
0.81905
0.90185
0.83859
0.84572
0.9569
0.85361
0.76795
0.86088
0.90784
0.7833
0.70339
0.89392
0.86142
0.97856
0.94907
0.89914
0.72559
0.97001
0.89372
0.78289
0.63868
0.91841
0.84781
0.90157
0.83581
0.77211
0.92235
0.79025
0.87082
0.86565
0.74422
0.77341
0.81596
0.88947
0.99793
1.0566
0.91265
0.93032
0.94341
0.86252
0.86883
0.72865
0.80644
0.6755
0.83901
0.94078
0.94646
0.95825
0.93239
0.88847
0.85434
0.94081
0.94878
0.87627
0.78031
0.98751
0.89076
0.87984
0.87393
0.79102
0.81976
0.74603
0.89934
0.87483
0.8528
0.71168
0.85852
0.75741
0.89027
0.97147
0.85583
0.61349
0.81387
0.95899
0.80779
0.84186
0.84641
0.86431
0.90207
0.88903
0.93181
0.91984
0.88267
0.86708
0.84773
0.91781
0.81026
0.80587
0.95473
0.93919
0.92096
0.66441
0.96728
0.88398
0.7176
0.9017
0.9132
0.80096
0.78396
0.83353
0.8843
0.83987
0.80047
0.89445
0.84555
0.95877
0.8182
0.90032
0.85367
0.78804
0.79289
0.65528
0.85959
0.92901
0.81648
0.90532
0.79111
0.86459
0.90969
0.91849
0.85855
0.93099
0.84192
0.84786
0.86318
0.90282
0.86453
0.86737
0.95091
0.84097
0.78374
0.88968
0.82531
0.64759
0.951
0.88764
0.9096
0.82795
0.86801
0.82038
0.9604
0.96083
0.94819
0.87652
0.87233
0.78712
0.89337
0.82692
0.81145
0.87929
0.81428
0.73913
0.83297
0.83414
0.89057
0.77368
0.84012
0.85485
0.88828
0.88997
0.87257
0.89944
0.91167
0.97198
0.86544
0.83796
0.905
0.78994
0.87591
0.89126
0.79516
0.86137
0.74013
0.83676
0.81912
0.82102
0.7404
0.7301
0.92703
0.8542
0.82443
0.97169
0.81759
0.9072
0.95869
0.9217
0.86512
0.81542
0.89763
0.98518
0.74937
0.99663
0.82874
0.97558
0.99513
0.80623
0.82466
0.83128
0.74995
0.88621
0.80097
0.7146
0.7556
0.93635
0.79711
0.74408
1.0162
0.91753
0.78759
0.79205
0.97393
0.81928
0.91351
0.87695
0.88341
0.81624
0.87137
0.84819
0.9567
0.87796
0.93366
0.98442
0.9225
0.73725
0.7789
0.87972
0.86206
0.8435
0.99849
0.80993
0.76455
0.78515
0.86725
0.84016
0.7604
0.97819
0.78471
0.83105
0.87887
0.73895
0.96224
0.91206
0.89794
0.93412
0.89749
0.92193
0.66433
0.77495
0.78414
0.95484
0.93753
0.83605
0.96113
0.74012
0.85012
0.8756
0.90707
0.82978
0.96933
0.85185
0.78621
0.82998
