LPS, LS, LP, PS, LPSLow, LSLow
0.6166
0.77544
0.59878
0.59828
0.40141
0.71032
0.8208
0.69567
0.55263
0.7576
0.87825
0.59088
0.76343
0.45862
1.0401
1.4142
1.0005
1.0278
1.2008
0.68126
0.65415
0.99549
0.67026
0.71592
0.69426
0.20321
0.68422
0.5398
0.52926
0.86955
0.87937
0.57229
0.77097
0.76539
0.47403
0.69849
0.8299
0.51556
0.69023
1.1469
0.71662
1.0443
0.72432
0.81927
0.86177
0.77882
0.71608
0.86741
0.86184
0.69707
0.75401
1.0852
0.71349
0.75592
1.0802
0.88155
0.72237
0.80021
0.75777
0.70963
0.76364
0.78174
0.80001
0.76955
0.69353
0.72759
1.3815
0.95747
0.6261
0.56281
0.95457
1.0245
0.92008
0.79062
0.79857
0.76586
1.1301
0.55687
0.82584
0.86473
0.72695
1.2212
0.50739
0.76894
0.86738
0.93052
0.78057
0.90507
0.77829
0.76463
0.81834
0.16665
0.8883
0.84405
0.75155
0.75525
0.69769
0.70882
1.0448
0.50741
0.77497
0.68504
0.88961
1.0045
0.42937
0.4307
0.47674
0.35288
0.803
0.84613
0.72254
0.59497
0.64775
0.58599
0.86286
0.80375
0.95066
0.66204
0.64735
0.59767
0.73825
0.68048
0.92937
0.5927
0.6166
0.80237
0.81692
0.62597
0.70352
1.4142
0.86408
0.77718
0.90703
0.87784
0.82086
0.87279
0.64656
0.69455
0.79737
1.0196
0.95065
0.55846
0.89181
0.6736
0.90362
0.77564
0.84148
0.90979
1.1195
0.978
0.34376
0.94007
0.53737
0.91876
0.85756
0.9567
0.80831
0.85616
0.81714
0.77832
0.57748
0.83952
0.70233
0.84114
1.0036
0.60017
0.65486
0.80198
0.98317
0.79843
0.83615
0.68209
0.32668
0.78716
0.92521
0.86445
0.6428
0.97772
0.7822
0.48313
1.3302
0.78616
0.87595
0.81307
0.8815
0.86234
0.70308
0.83801
0.51137
0.97255
0.54137
1.0525
0.97127
0.81759
0.64774
0.81476
0.58411
0.60601
0.21538
0.89368
0.86213
0.82801
0.93741
0.85865
1.0504
0
0.96849
0.72046
0.95526
0.87843
0.77537
0.83833
0.65868
0.90842
0.60093
0.34771
0.73182
0.80752
0.9493
0.877
0.51265
0.75822
0.83801
0.69531
0.79514
0.64106
0.70107
0.62498
0.54442
0.68057
0.69276
0.71685
0.81884
0.35681
0.79952
0.34183
1.1518
0.82882
0.93426
0.7843
0.65862
0.9038
1.0289
1.0053
0.55801
0.84968
0.86619
0.91813
0.5973
0.81766
0.67411
0.65622
0.2811
0.74726
0.82582
0.54682
0.97063
0.67205
0.68704
1.0864
0.57606
0.85142
0.73115
0.34991
0.92401
0.43775
0.74363
0.46979
0.37043
0.81942
0.69873
0.61948
0.70323
0.56575
0.73368
0.60662
0.79163
0.87304
0.74913
0.50448
1.105
0.9708
0.88949
0.83881
0.54909
0.7821
0.9333
0.8701
0.31119
0.52603
0.71672
1.125
0.7499
0.66329
0.77015
0.85656
0.88268
0.55222
0.71291
0.74812
0.81866
0.89804
0.76209
0.58876
0.68374
0.72359
0.64407
0.75327
0.73047
0.71524
0.58387
0.79783
0.94747
0.67268
0.54027
0.92516
0.76556
0.54373
1.1048
0.83537
0.63381
0.87823
1.0422
0.91649
0.59056
0.82581
0.79493
0.75077
0.53625
0.63867
0.8668
0.59058
0.80429
0.96233
0.93051
1.1913
0.88776
0.686
0.57061
1.0518
0.59262
0.43885
0.73887
0.61441
0.42675
0.85991
1.0194
0.77619
0.92862
1.1619
0.63508
0.93479
0.81846
0.85842
0.81238
0.36571
0.71163
0.66213
0.82206
0.82798
0.51219
0.90957
0.29444
0.75991
0.45604
0.81082
0.63858
0.55112
0.50355
0.94887
0.83505
0.97194
0.81986
0.60711
0.99362
0.79046
0.78771
0.29731
0.75949
0.27046
1.0626
0.86383
0.73683
0.68628
0.61395
0.5497
0.76292
0.63512
1.0997
0.99861
0.95904
0.74996
0.78747
0.68092
0.86584
0.5702
0.81369
0.7904
0.93537
0.67099
0.91426
0.83561
0.85131
0.74056
0.99136
0.6731
0.64437
0.63793
0.6306
0.40065
0.62673
0
0.58922
0.77902
0.68582
0.87298
0.19817
0.74454
0.79531
0.99029
0.73521
0.6004
0.90874
0.86599
1.0533
0.63881
0.73264
0.98515
0.95409
0.81666
0.50084
0.59574
0.52014
0.73637
0.85529
0.90396
0.81275
0
0.55326
0.63081
0.69509
0.83112
0.73965
0.70053
0.80229
0.95906
1.0957
0.75795
1.0502
0.909
0.878
0.89537
0.64057
0.59873
0.51867
0.32684
0.47642
0.87188
0.94933
0.78575
0.77698
0.68685
0.55345
0.65242
0.77707
0.88419
0.6242
0.58186
1.1049
0.82681
0.81824
0.72872
0.94294
0.94937
0.39043
0.40764
0.23
0.74332
0.63869
0.60565
0.6999
0.63705
0.23981
0.53456
0.83734
0.80027
1.0492
0.41284
0
0.81639
0.75496
1.1002
0.80201
0.74233
0.73299
0.89016
0.86862
0.89731
0.65915
0.68332
