Short, Interm., Long
-0.21853,0.11772,-0.27036
0.0073672,0.08207,0.62838
-0.74713,0.21323,-0.047387
0.81052,0.1046,0.074001
0.32707,0.14694,0.037122
-0.12092,0.25783,0.231
0.069045,0.049735,0.079704
-0.19798,0.73095,0.26844
0.42901,0.32567,-0.25188
-0.09484,0.087071,0.54558
-0.081757,0.18155,-0.25777
0.12033,-0.059179,0.38047
0.2428,-0.0014374,-0.12058
0.51963,0.11908,0.090535
-0.21306,-0.25353,-0.20416
-0.18808,0.11496,0.27458
-0.36487,0.3303,0.012253
-0.022922,0.015691,-0.31285
0.099228,0.14494,0.27946
0.0063182,0.16243,0.26292
0.37405,-0.096049,0.49494
0.68117,0.091782,0.028312
-0.32749,-0.29634,-0.15471
0.41102,-0.16141,0.0032978
0.054534,-0.11993,0.4809
0.097482,-0.06202,0.13598
-0.43048,0.16001,0.13267
0.15175,0.23199,-0.12944
-0.15016,0.17676,0.19112
-0.093832,-0.36592,0.035538
-0.027954,-0.30822,0.058003
-0.074224,0.21428,0.13717
-0.29659,0.20372,0.061761
-0.29854,0.14482,0.04019
-0.62269,0.15431,0.32765
-0.2613,-0.089921,0.085419
0.65928,0.034818,-0.005399
-0.22422,0.12486,0.36372
0.5617,0.23563,-0.12024
-0.18756,0.21856,0.17223
0.48063,-0.42274,0.42671
0.25424,0.11825,0.54161
-0.13532,0.49368,-0.13922
0.31575,0.11979,0.54146
0.10861,0.1915,-0.095602
0.12202,0.47185,-0.2775
0.99138,0.56375,-0.10687
0.20431,-0.36848,0.094298
-0.12715,0.17817,-0.27264
0.53434,0.16404,0.0072754
0.068402,0.075844,-0.18932
0.090731,-0.086247,-0.010178
0.13545,-0.061257,-0.094857
0.029348,-0.23573,0.1812
0.42862,-0.17899,0.13666
0.042198,-0.14638,0.24145
0.2081,0.095698,0.068465
-0.15677,0.31976,-0.2069
-0.18571,0.05346,-0.060507
-0.098191,-0.30919,0.28854
0.25577,0.20959,-0.20927
0.029928,-0.071805,-0.0022259
-0.056959,0.050174,0.15095
-0.32409,-0.0070798,0.2084
-0.40404,0.14128,-0.068259
0.092852,-0.18093,-0.20049
-0.080162,0.21443,0.39665
-0.24153,0.58849,-0.20321
-0.9368,0.38486,-0.13365
0.066153,0.037342,0.19667
-0.094485,0.25883,0.39811
-0.24473,-0.2046,-0.38271
0.23007,-0.050337,0.12482
-0.18677,0.20732,-0.041552
-0.12328,-0.21706,-0.21464
0.2082,0.38285,-0.29516
0.4153,0.43623,0.31407
-0.53159,-0.070077,0.34657
-0.076867,-0.066486,-0.055664
-0.13681,0.37587,-0.25968
0.75618,0.2451,0.35602
0.48271,0.2976,0.024161
0.069486,0.3786,0.21697
-0.18375,0.19571,-0.13698
0.54782,0.14088,-0.04371
-0.081529,0.3954,0.64446
1.085,0.17955,-0.015911
0.39094,0.33871,0.32631
-0.30672,0.63969,0.0076057
-0.38916,0.053884,-0.19874
-0.094499,-0.13927,-0.066894
-0.14271,0.39119,-0.16538
-0.082727,-0.03046,0.52759
-0.092017,0.16638,-0.085816
-0.17978,-0.24218,0.31044
-0.038863,0.137,0.37585
0.028304,-0.27648,-0.067955
-0.55179,0.19166,0.29524
0.43567,0.55179,0.13342
-0.027345,-0.47089,0.28256
-0.20983,0.12994,0.29769
-0.051969,-0.4965,-0.023132
0.22665,-0.44747,0.39585
-0.185,-0.085156,-0.17199
-0.18882,0.029849,0.36827
0.23597,-0.29023,0.062036
0.41691,0.38244,-0.25503
-0.32564,-0.31656,-0.048443
-0.15136,0.49373,0.24222
0.28218,0.08361,-0.18528
0.20383,0.041198,0.36179
0.23255,-0.22229,-0.20256
-0.20864,-0.020341,0.079059
-0.16395,0.079434,0.066878
0.75535,-0.12742,0.049494
-0.2444,0.36973,-0.20325
0.28801,0.37823,-0.048271
-0.19861,0.075989,0.32403
0.22366,0.025408,0.057384
0.18658,0.070837,-0.0048876
0.28984,-0.10274,-0.018355
-0.10868,0.00166,-0.052331
-0.1001,-0.22986,-0.055615
0.52757,0.2333,0.074119
0.51779,-0.011403,-0.02394
-0.063741,0.34822,0.43245
0.35007,-0.30799,-0.01994
0.11837,0.41796,0.20404
0.26336,0.063719,-0.36996
0.067229,-0.20279,0.06174
-0.67857,0.32412,0.17441
0.13732,0.026735,0.10726
0.028412,0.10374,-0.13029
0.35083,0.068313,-0.45219
0.47999,0.34161,-0.52065
0.076455,0.21566,0.53855
0.72429,0.48869,-0.20565
0.11535,0.3814,0.21435
0.21309,0.69,0.14122
0.21207,-0.042043,0.28032
0.032879,0.019233,-0.24915
0.22861,0.25413,0.091295
0.21026,-0.30293,-0.35259
0.25741,0.26725,-0.1861
0.50342,0.040579,0.19816
-0.23408,-0.17377,0.48969
0.55793,-0.22532,-0.024418
-0.0076402,0.10765,-0.2322
-0.1233,0.15867,-0.063553
-0.2948,1.3107,0.34001
-0.21542,0.32162,-0.23624
0.30637,-0.26884,-0.1399
0.055759,0.14009,0.14172
0.091927,0.24371,-0.053644
0.50367,0.21229,0.036349
-0.56486,0.36637,0.031013
-0.51615,-0.22874,0.34641
0.32737,-0.11489,0.149
0.46976,-0.17205,0.58337
-0.0059808,0.047021,-0.26606
-0.082369,-0.12555,0.0085863
-0.068042,0.12876,0.072025
0.26668,0.065171,0.19109
-0.52997,-0.1224,0.40763
0.28677,0.12999,0.27591
0.69457,-0.19121,-0.032834
-0.069923,0.05058,0.0056747
0.25178,-0.24768,-0.35077
0.13728,-0.54656,0.03303
0.75216,0.12699,0.40263
-0.17308,-0.20064,0.6674
0.28202,0.12374,0.2356
-0.10884,0.75462,0.080629
-0.136,0.19663,0.28565
0.29189,-0.23511,0.37791
-0.2615,-0.46357,0.43479
-0.079088,-0.034584,-0.3103
-0.13761,0.18747,0.034234
1.1315,0.21297,0.045294
-0.0040178,0.13305,0.1395
-0.045706,0.43761,-0.16869
-0.42754,-0.30273,0.5687
0.45817,-0.082377,0.12212
0.17943,0.30109,-0.072291
-0.023209,0.0094559,0.38641
0.077892,0.18831,0.24883
-0.19348,0.59105,-0.059438
0.16027,0.026584,-0.19036
0.51174,0.30786,-0.31099
0.59621,-0.3107,0.035208
0.15469,0.41773,0.40232
-0.43504,0.16064,0.26859
-0.76785,0.06181,0.21401
0.3119,-0.13021,-0.43468
-0.13477,0.049247,0.31186
-0.40373,-0.25046,0.1714
-0.19975,-0.4148,-0.065727
-0.46765,0.29306,-0.0096366
-0.24825,-0.061107,0.13404
0.16558,0.32909,0.028091
0.099001,0.27295,-0.15192
0.37047,-0.082664,0.16629
-0.36253,0.092006,0.082554
0.4195,-0.56506,-0.2715
-0.091227,-0.14748,-0.25735
0.39407,0.58713,-0.12994
0.42761,0.62343,0.22131
0.19882,0.25129,0.1151
0.47548,0.32536,0.27933
-0.058388,-0.1407,-0.17548
0.5518,0.32743,-0.059379
0.20681,0.29144,0.23653
-0.047379,-0.020307,0.17096
0.84298,0.62072,0.015519
0.79653,0.16635,-0.011016
0.52387,0.38845,-0.35968
-0.1075,-0.27455,-0.43091
0.43835,0.46665,-0.20091
-0.1073,0.19247,-0.15648
-0.096165,-0.082765,-0.04734
0.61119,0.25893,0.1042
-0.26274,0.1426,-0.2104
0.23163,0.12942,0.055588
-0.1534,-0.38098,0.025673
-0.4819,-0.25929,-0.33637
-0.24188,0.065127,-0.24978
0.52666,0.31612,0.35547
0.14678,-0.10375,0.69785
-0.20973,-0.14679,-0.33277
-0.058145,0.11448,0.14314
1.2161e-05,0.039737,-0.070034
-0.0089611,-0.34266,0.084241
-0.29291,0.17356,0.31746
0.21722,0.45407,-0.3271
0.1274,-0.21666,0.17757
-0.44115,0.33345,0.13869
0.027551,0.02406,0.17788
-0.0055264,-0.13689,-0.066828
0.82025,-0.079286,0.25723
-0.17336,0.03516,0.060247
0.39442,0.22702,0.18863
0.04656,-0.003036,0.31403
0.84972,-0.25376,0.27145
-0.66479,0.34038,0.034662
0.91484,0.21904,-0.16383
0.44193,0.30776,-0.019217
-0.38483,0.081536,0.26206
0.30143,0.26792,-0.057074
0.38347,0.33164,0.39252
-0.0072745,-0.21751,0.27416
-0.12436,0.56995,0.17499
0.39673,0.45866,-0.061888
0.052261,0.47617,-0.2885
0.12358,-0.15234,0.15628
0.060552,-0.13916,-0.33866
-0.027227,0.24928,0.01238
0.37219,0.14685,0.13475
0.20366,0.38517,0.052594
0.098241,0.15864,0.35907
-0.33706,-0.10184,0.48907
0.50593,-0.1107,0.19304
0.39068,-0.27651,0.15746
0.16751,0.33095,-0.29677
0.015933,0.012219,0.19845
-0.26723,0.18162,0.30293
0.16293,-0.082828,-0.27055
0.079158,0.065805,-0.097069
0.28715,-0.051687,0.019191
1.1385,0.42427,-0.10478
-0.13038,-0.26521,0.48572
0.18278,0.307,0.58458
0.16891,0.011654,-0.18626
0.82675,0.17494,0.044267
0.37511,0.32456,0.13998
-0.19188,0.040409,0.18814
-0.058365,0.57454,-0.18697
-0.29337,0.28405,0.17739
0.19324,0.25244,-0.12284
0.22048,0.38054,0.03394
0.47044,0.090129,0.48012
0.18617,-0.21917,0.65441
-0.16444,0.29387,0.091736
0.11944,0.1691,0.12406
0.13858,0.32803,-0.08872
0.33135,-0.048809,0.23395
-0.31724,0.22276,-0.28675
-0.18272,-0.34575,0.4898
-0.13144,-0.14516,-0.19271
-0.22675,0.0043399,-0.51236
-0.50369,0.46611,0.26101
-0.23376,0.12,0.13489
-0.21348,-0.11509,0.25663
-0.24593,0.577,0.2359
0.030989,-0.51374,0.16258
0.10798,-0.02023,-0.013976
0.25025,0.090596,0.13131
-0.20206,-0.022535,-0.022972
0.23314,-0.14714,-0.01832
0.28187,0.10195,0.063578
0.41076,0.11057,0.47971
0.21418,0.33085,0.26614
-0.19663,0.30366,-0.027555
-0.029515,-0.32396,-0.11061
0.22765,0.13148,0.3407
-0.20392,0.074634,0.49545
-0.040364,0.0016289,0.01998
-0.16109,0.31495,0.11633
0.45992,-0.25869,0.71667
-0.2116,0.022354,0.12867
0.044753,-0.15239,0.56712
-0.41202,0.53778,0.14875
0.36144,-0.59081,-0.41254
0.62704,0.49503,-0.19366
0.43086,-0.17882,-0.034117
0.020104,0.079455,0.16317
0.15305,0.023872,0.35946
0.48028,0.088562,0.15563
0.25163,-0.17325,0.4331
-0.25103,0.091638,0.40547
0.11438,0.22957,0.04305
-0.26523,0.33041,-0.28815
-0.88841,0.12209,-0.10197
-0.40933,0.4243,0.23905
-0.10782,0.17871,0.10283
0.25666,0.14135,-0.057873
0.83816,-0.41239,0.11884
-0.031439,-0.015509,0.15351
-0.076062,-0.014227,-0.25388
0.061476,-0.052512,-0.068464
0.2291,0.042834,0.41844
-0.0090439,0.24997,-0.12817
-0.045753,0.013712,-0.069493
-0.1245,0.061745,0.41856
0.219,-0.18085,0.042424
-0.53395,0.1627,-0.1264
0.25572,0.0053524,0.18371
0.5529,-0.013668,-0.21404
0.11853,0.38278,0.11233
-0.081138,0.10609,0.25306
0.2703,0.36916,-0.010364
0.53789,-0.16402,0.6804
-0.1293,-0.088474,0.28631
0.18723,0.27254,0.086464
0.18994,-0.030846,0.21061
0.046721,0.40474,0.1011
0.34078,-0.33559,-0.047918
-0.040916,0.13589,0.3117
0.44721,0.64403,-0.030457
0.78181,0.23342,-0.20462
0.041059,0.41155,0.25582
0.12552,0.36823,-0.041879
-0.0048343,0.071032,0.29543
0.21538,-0.056479,0.19486
0.28795,-0.38516,-0.16923
0.58665,0.23383,-0.13833
-0.055582,0.086446,0.13193
0.17173,0.15242,0.064931
0.29643,-0.37142,-0.025393
0.31503,0.25942,0.064387
0.46452,0.00059828,0.16082
0.19661,0.23636,-0.083475
-0.14941,-0.05521,-0.11814
-0.093463,0.46937,-0.023191
-0.2022,0.37145,-0.1469
-0.097554,0.28975,-0.25585
0.3321,-0.13482,0.27853
0.40123,-0.38638,0.035081
-0.093935,0.16319,-0.075254
0.20429,0.22965,-0.16056
-0.37355,-0.35694,0.24145
0.50878,-0.12847,-0.22748
0.30136,-0.27014,0.033326
-0.50481,0.17773,-0.18297
0.27071,-0.24429,0.1996
0.28388,0.60052,0.28634
-0.15669,0.28738,0.15885
-0.2046,0.22835,0.58927
-0.43127,0.29943,0.10796
-0.16204,0.0083978,-0.18907
0.68072,-0.029473,0.30062
0.2554,-0.13676,0.054477
-0.4814,-0.33866,0.070072
0.021405,0.058303,-0.10783
0.37384,0.42663,0.015837
0.30816,0.41548,0.38492
-0.089909,0.014175,0.30378
0.4116,0.36425,0.32925
-0.37874,0.17224,-0.060356
0.12735,0.38782,-0.102
-0.29606,-0.23211,0.15093
-0.30066,-0.081801,0.21938
-0.23062,-0.20139,0.096814
0.35392,0.4143,0.13887
0.075525,0.58766,0.26865
-0.56875,0.10267,0.11451
0.18384,0.020334,0.11293
0.093096,-0.078343,-0.27629
0.14693,-0.062,-0.14789
-0.10563,0.13514,0.2196
-0.10399,-0.050421,0.3246
-0.45402,0.35753,-0.1742
0.4466,0.29778,0.051601
0.050803,-0.25325,-0.37712
0.48129,-0.096689,-0.1757
0.015657,-0.056092,0.52233
-0.066563,0.39778,0.10697
-0.039582,0.07732,0.30234
-0.31847,0.018904,0.30535
0.30567,-0.2046,0.34561
0.50277,0.14223,-0.087494
0.17467,0.14296,-0.026588
-0.52509,0.16695,0.25747
0.49649,0.26818,0.14496
0.0388,-0.025248,0.23611
-0.67285,0.29448,0.083063
-0.02681,0.4349,-0.031433
0.35859,0.25252,-0.018352
0.3302,-0.49317,-0.13511
-0.012791,0.081732,0.28269
0.16383,-0.24545,-0.24203
0.090421,0.25413,-0.10196
0.493,0.65035,0.22362
0.013229,-0.39618,-0.098861
-0.44912,0.16226,0.13924
-0.21263,0.14834,-0.15907
-0.20156,0.2162,-0.33942
0.17351,0.16019,0.025122
-0.30344,0.0009695,0.020952
0.23593,-0.006279,0.2075
-0.0035535,-0.14818,0.26647
-0.33801,0.47606,0.18562
-0.27939,-0.014912,0.47709
0.33295,0.11978,0.57798
0.41284,-0.27392,0.19291
-0.10879,-0.097489,0.68583
-0.33011,-0.1717,-0.21272
0.17811,-0.50415,0.073282
0.02194,-0.0072743,0.14056
0.024355,0.15551,0.2368
0.077301,0.27377,0.084961
0.48182,0.38337,0.0305
0.28797,-0.20115,-0.022059
0.19307,-0.025113,0.0822
0.20621,-0.073305,-0.3313
0.29643,-0.012207,0.049619
-0.094648,0.15049,0.2134
0.0037134,0.074142,-0.10582
-0.055766,-0.083983,0.044999
0.033099,0.16283,0.18282
-0.38019,0.17379,-0.2912
0.064013,0.28327,0.18535
0.22352,-0.32769,0.23375
0.20032,0.30735,0.06649
-0.42055,0.39339,-0.14398
0.68383,0.093458,0.26818
0.011061,0.29447,0.040222
0.37747,0.43921,-0.23125
0.15725,0.008749,-0.31661
0.17474,-0.021916,0.64626
0.15275,0.10729,0.017458
-0.076654,0.12871,0.16668
0.24745,-0.29049,-0.087797
-0.042406,0.46245,0.055778
0.13452,-0.144,0.21116
0.56877,0.21062,-0.045966
-0.057089,0.37255,-0.029046
-0.034637,1.0347,0.3608
0.11346,-0.075085,-0.15725
-0.067607,0.12946,-0.2796
0.20435,0.19223,0.30307
0.33351,0.4603,-0.14074
-0.47346,0.17947,0.14484
0.016799,-0.090477,0.24253
0.3503,0.35942,0.049464
0.28101,0.4559,0.058188
-0.07131,0.12724,0.0020376
0.36125,-0.21827,-0.14429
0.054934,-0.38247,0.18054
-0.43711,0.21508,0.0010868
-0.19923,0.47563,0.28023
0.10206,-0.046516,-0.33585
-0.36214,-0.0011327,-0.36894
0.054597,-0.20705,-0.35662
0.23353,-0.25308,0.11198
-0.29784,0.45486,0.066464
-0.26465,0.18805,-0.1875
0.13803,0.7879,0.27616
-0.14473,-0.028649,-0.36917
-0.15891,0.023859,0.030468
-0.2498,0.10112,0.10053
0.013593,0.18515,0.39154
0.16207,0.33812,-0.11263
-0.56113,-0.0075021,0.079799
0.083543,-0.22861,0.20496
-0.045304,-0.059132,0.58165
-0.36939,-0.50937,0.15249
0.20667,0.13667,0.046399
-0.49937,0.23975,0.32728
0.14029,0.15644,0.27002
-0.21029,-0.14689,0.16433
